[gd_scene load_steps=5 format=3 uid="uid://dtxoc1mr54elc"]

[ext_resource type="PackedScene" uid="uid://cpaqivmcfh6w7" path="res://actors/ships/dispatcher.blend" id="1_d4k37"]
[ext_resource type="Script" path="res://world/physics_interpolation.gd" id="2_le6gq"]
[ext_resource type="PackedScene" uid="uid://bl1mpcbgeus7t" path="res://actors/ships/propulsion/propulsion.tscn" id="3_s3tuj"]

[sub_resource type="ConvexPolygonShape3D" id="ConvexPolygonShape3D_dm8a6"]
points = PackedVector3Array(-0.252526, -0.0369543, -2.77781, 2.5167, -0.52586, -0.00961089, 1.05052, -1.17742, 7.48178, 1.21266, 1.75474, -2.45232, -2.53335, -0.851478, -0.00961089, -1.22981, 1.75474, -2.45232, -1.06718, -1.17742, 7.48178, 1.86418, -1.17742, 0.31588, -1.22981, -1.50335, 5.8533, 1.86418, -0.851478, -1.63808, -1.88133, -0.851478, -1.63808, 1.21266, -1.50335, 5.8533, -1.88133, -1.17742, 0.31588, -2.53335, -0.52586, -0.00961089, 1.21266, 1.75474, -2.77781, 2.5167, -0.851478, -0.987103, -1.22981, 1.75474, -2.77781, 1.53842, -0.52586, -2.29009, -2.04446, -0.199604, -1.96358, 0.886898, -1.17742, 7.64401, 1.05052, -1.34038, 7.64401, -1.55557, -0.52586, -2.29009, -2.53335, -0.52586, -1.14934, -0.90405, -1.17742, 7.64401, 2.18995, -0.199604, -1.80134, 2.5167, -0.851478, -0.00961089, 2.5167, -0.52586, -1.14934, -2.53335, -0.851478, -0.987103, 0.235375, -0.0369543, -2.77781, -0.823894, -1.35757, 7.1777, 2.18995, -0.52586, -1.80134, 1.21266, 1.42881, -2.77781)

[node name="Dispatcher" instance=ExtResource("1_d4k37")]

[node name="Dispatcher" parent="." index="0"]
script = ExtResource("2_le6gq")

[node name="Propulsion" parent="Dispatcher" index="0" instance=ExtResource("3_s3tuj")]

[node name="MainEngineLeft" parent="Dispatcher/Propulsion" index="0"]
transform = Transform3D(0.5, 0, 0, 0, 0.5, 0, 0, 0, 0.5, 0, -0.251306, 2)
visible = false

[node name="MainEngineRight" parent="Dispatcher/Propulsion" index="1"]
transform = Transform3D(-2.18557e-08, 0.5, 0, -0.5, -2.18557e-08, 0, 0, 0, 0.5, 0, 0.321446, 1.99608)

[node name="FrontThrusterLeft" parent="Dispatcher/Propulsion" index="2"]
transform = Transform3D(-1, 0, -8.74228e-08, 0, 1, 0, 8.74228e-08, 0, -1, -1.03811, 0.0880434, 0.749912)

[node name="FrontThrusterRight" parent="Dispatcher/Propulsion" index="3"]
transform = Transform3D(-1, 0, -8.74228e-08, 0, 1, 0, 8.74228e-08, 0, -1, 1.038, 0.088, 0.75)

[node name="LeftThrusterFront" parent="Dispatcher/Propulsion" index="4"]
transform = Transform3D(1.31134e-07, 0, -1, 0, 1, 0, 1, 0, 1.31134e-07, -0.434834, -0.158653, -1.23505)

[node name="LeftThrusterBack" parent="Dispatcher/Propulsion" index="5"]
transform = Transform3D(1.31134e-07, 0, -1, 0, 1, 0, 1, 0, 1.31134e-07, -0.783, 0.477, 0.578)

[node name="RightThrusterFront" parent="Dispatcher/Propulsion" index="6"]
transform = Transform3D(-2.18557e-07, 0, 1, 0, 1, 0, -1, 0, -2.18557e-07, 0.435, -0.159, -1.235)

[node name="RightThrusterBack" parent="Dispatcher/Propulsion" index="7"]
transform = Transform3D(-2.18557e-07, 0, 1, 0, 1, 0, -1, 0, -2.18557e-07, 0.783444, 0.477, 0.577979)

[node name="TopThrusterLeft" parent="Dispatcher/Propulsion" index="8"]
transform = Transform3D(0.866025, 5.85622e-09, -0.5, 0.5, -2.18557e-08, 0.866025, -5.85621e-09, -1, -2.18557e-08, -2.082, -0.417, 0.835)

[node name="TopThrusterRight" parent="Dispatcher/Propulsion" index="9"]
transform = Transform3D(0.866025, -2.18557e-08, 0.5, -0.5, -3.78552e-08, 0.866025, 0, -1, -4.37114e-08, 2.08249, -0.41746, 0.835376)

[node name="BottomThrusterLeft" parent="Dispatcher/Propulsion" index="10"]
transform = Transform3D(0.866025, 5.85622e-09, 0.5, 0.5, -2.18557e-08, -0.866025, 5.85622e-09, 1, -2.18557e-08, -1.557, -0.709, 0.835)

[node name="BottomThrusterRight" parent="Dispatcher/Propulsion" index="11"]
transform = Transform3D(0.866026, -2.18557e-08, -0.5, -0.5, -3.78552e-08, -0.866026, -2.1893e-15, 1, -4.37114e-08, 1.55742, -0.709066, 0.835376)

[node name="CollisionShape3D" type="CollisionShape3D" parent="." index="1"]
transform = Transform3D(-1, 0, -8.74228e-08, 0, 1, 0, 8.74228e-08, 0, -1, 0, 0, 0)
shape = SubResource("ConvexPolygonShape3D_dm8a6")

[editable path="Dispatcher/Propulsion"]
